--> f1=inline('log(x)-cos(x)')



f1 =

  inline function object

  f(x) = log(x)-cos(x)

--> x=0.5:0.2:5



x =



 Columns 1 to 7



    0.5000    0.7000    0.9000    1.1000    1.3000    1.5000    1.7000



 Columns 8 to 14



    1.9000    2.1000    2.3000    2.5000    2.7000    2.9000    3.1000



 Columns 15 to 21



    3.3000    3.5000    3.7000    3.9000    4.1000    4.3000    4.5000



 Columns 22 to 23



    4.7000    4.9000



--> ypot=f1(x)



ypot =



 Columns 1 to 7



   -1.5707   -1.1215   -0.7270   -0.3583   -0.0051    0.3347    0.6595



 Columns 8 to 14



    0.9651    1.2468    1.4992    1.7174    1.8973    2.0357    2.1305



 Columns 15 to 21



    2.1814    2.1892    2.1564    2.0869    1.9858    1.8594    1.7149



 Columns 22 to 23



    1.5600    1.4027



--> plot(x,ypot)

--> grid on

--> raiz=fzero(f1,1)



raiz =

    1.3030



--> hold on

--> plot([1.3,1.3],[-1,1],'Linewidth',2)

--> T=[x',ypot']



T =

    0.5000   -1.5707

    0.7000   -1.1215

    0.9000   -0.7270

    1.1000   -0.3583

    1.3000   -0.0051

    1.5000    0.3347

    1.7000    0.6595

    1.9000    0.9651

    2.1000    1.2468

    2.3000    1.4992

    2.5000    1.7174

    2.7000    1.8973

    2.9000    2.0357

    3.1000    2.1305

    3.3000    2.1814

    3.5000    2.1892

    3.7000    2.1564

    3.9000    2.0869

    4.1000    1.9858

    4.3000    1.8594

    4.5000    1.7149

    4.7000    1.5600

    4.9000    1.4027



-->
